1371,6
1371,5
1371,4
1371,3
1371,2
1371,1
1371,0
1367,8
1367,7
1367,6
1367,5
1367,4
1367,3
1367,2
1367,1
1367,0
1361,4
1361,3
1361,2
1361,1
1361,0
1359,4
1359,3
1359,2
1359,1
1359,0
1357,4
1357,3
1357,2
1357,1
1357,0
1356,4
1356,3
1356,2
1356,1
1356,0
1355,3
1355,2
1355,1
1355,0
687,3
2,3
1,3
0,410
0,324
0,243
0,9
0,0
0,1
0,334
0,300
0,364
0,299
0,371
0,298
0,461
0,297
0,504
0,296
0,449
0,295
0,473
0,294
0,503
0,293
0,429
0,292
0,391
0,291
0,459
0,290
0,511
0,289
0,502
0,288
0,490
0,287
0,472
0,286
0,510
0,285
0,471
0,284
0,448
0,283
0,485
0,282
0,390
0,281
0,401
0,280
0,389
0,279
0,484
0,278
0,421
0,277
0,407
0,276
0,501
0,275
0,470
0,274
0,483
0,273
0,496
0,272
0,413
3,2
3,3
3,5
3,6
4,1
4,3
687,0
687,2
687,1
4,2
4,0
3,4
3,1
3,0
2,2
2,1
2,0
1,2
1,1
1,0
0,271
0,374
0,270
0,330
0,269
0,457
0,268
0,417
0,267
0,428
0,266
0,329
0,265
0,509
0,264
0,403
0,263
0,481
0,262
0,360
0,261
0,359
0,260
0,416
0,259
0,427
0,258
0,508
0,257
0,480
0,256
0,441
0,255
0,387
0,254
0,357
0,253
0,455
0,252
0,489
0,251
0,309
0,250
0,500
0,249
0,507
0,248
0,420
0,247
0,469
0,246
0,499
0,245
0,352
0,244
0,454
0,242
0,404
0,241
0,415
0,240
0,426
0,239
0,414
0,238
0,400
0,237
0,443
0,236
0,425
0,235
0,234
0,468
0,233
0,411
0,232
0,424
0,231
0,423
0,230
0,466
0,229
0,398
0,228
0,397
0,227
0,378
0,226
0,479
0,225
0,409
0,224
0,495
0,223
0,498
0,222
0,488
0,221
0,408
0,220
0,452
0,219
0,218
0,477
0,217
0,494
0,216
0,406
0,215
0,437
0,214
0,487
0,213
0,419
0,212
0,395
0,211
0,436
0,210
0,506
0,209
0,439
0,208
0,394
0,207
0,438
0,206
0,497
0,205
0,343
0,204
0,465
0,203
0,393
0,202
0,505
0,201
0,435
0,200
0,434
0,199
0,433
0,198
0,392
0,197
0,386
0,196
0,431
0,195
0,493
0,194
0,486
0,193
0,385
0,192
0,405
0,63
0,432
0,62
0,412
0,61
0,399
0,60
0,463
0,59
0,384
0,58
0,402
0,57
0,442
0,56
0,474
0,55
0,430
0,54
0,388
0,53
0,440
0,52
0,396
0,51
0,450
0,50
0,492
0,49
0,373
0,48
0,422
0,47
0,46
0,418
0,45
0,491
0,6
0,5
0,304
0,303
0,306
0,305
0,302
0,12
0,10
0,8
0,11
0,4
0,2
0,3
0,7
